C  1.12759990011661e+01 -8.54723369905717e+00 1.02234212495908e+01 
H  1.20885814664755e+01 -7.30568328113089e+00 8.73809609207172e+00 
H  1.22057445196132e+01 -8.12771437975788e+00 1.20583458398593e+01 
N  7.34725726772812e+00 -8.36204048603316e+00 1.27745522453298e+01 
C  8.50376998579644e+00 -7.98787460665812e+00 1.04596370825296e+01 
C  4.97942975834969e+00 -7.66284162053434e+00 1.24532987125330e+01 
H  3.52434022744675e+00 -7.68740806715998e+00 1.39121676967630e+01 
N  4.52211590578019e+00 -6.88616396183160e+00 1.00495663965479e+01 
H  2.87994343518973e+00 -6.28523088283532e+00 9.33524971774098e+00 
C  6.77278036202098e+00 -7.07702635484615e+00 8.74565499872576e+00 
H  7.00332701496924e+00 -6.58002824234293e+00 6.77467008868449e+00 
C  -3.28812439450796e+00 3.82480676694489e+00 1.76046935972621e+01 
H  -3.34481619441327e+00 2.11082468314103e+00 1.88160083885722e+01 
H  -2.55302072240244e+00 5.45753060421780e+00 1.87007350620981e+01 
N  -1.52500941745283e+00 3.33536756109571e+00 1.55222148140738e+01 
H  -6.84081052190736e-01 4.83392080525940e+00 1.47417577020440e+01 
C  -9.42973605091649e-01 1.07336474487386e+00 1.45773514823186e+01 
N  -1.40595663765168e+00 -1.04879829824823e+00 1.59738594866527e+01 
H  -2.17696511636389e+00 -8.99509891830912e-01 1.76935107504471e+01 
H  -9.73209231707814e-01 -2.75144202207102e+00 1.52765503478174e+01 
N  1.70075399715930e-02 9.01399618494422e-01 1.22586568661914e+01 
H  2.98576812834630e-01 2.46420356921746e+00 1.12344250145688e+01 
H  4.57313852569497e-01 -7.89905745347314e-01 1.15405607340575e+01 
S  -7.44552305423066e-01 -3.40150799431855e-02 -4.74888310540143e+00 
O  0.00000000000000e+00 0.00000000000000e+00 3.10104145482043e+00 
Fe  0.00000000000000e+00 0.00000000000000e+00 0.00000000000000e+00 
N  3.82480676694489e+00 0.00000000000000e+00 -2.05980206322624e-01 
N  -1.88972666351033e-02 3.82858622027191e+00 -1.85193213024012e-01 
N  -3.78890196033819e+00 -4.53534399242477e-02 -1.47398679753805e-01 
N  7.36993398769026e-02 -3.80213004698276e+00 -2.02200752995604e-01 
C  5.42729497760164e+00 -2.02956643661008e+00 -4.08180959318229e-01 
C  8.02755886659184e+00 -1.26611686455191e+00 1.32280866445722e-02 
C  7.96708761335951e+00 1.27934495119649e+00 5.06446745820766e-01 
C  5.34981618439771e+00 2.03523561660061e+00 2.81569272863038e-01 
C  2.02956643661008e+00 5.36304427104229e+00 4.34637132607376e-02 
C  1.30769085114914e+00 8.00299241996620e+00 -7.36993398769021e-02 
C  -1.28501413118702e+00 8.06913285318906e+00 -2.96687086171119e-01 
C  -2.07114042320731e+00 5.40839771096653e+00 -4.30857679280353e-01 
C  -5.34036755108016e+00 1.96720545671424e+00 -5.32902919109909e-01 
C  -7.98787460665812e+00 1.21698397130065e+00 -3.77945332702065e-01 
C  -8.01999995993780e+00 -1.32847784444775e+00 1.83303486360501e-01 
C  -5.34792645773420e+00 -2.08625823651539e+00 2.89128179517079e-01 
C  -1.92563147011702e+00 -5.37627235768686e+00 2.07869932986135e-01 
C  -1.15840244473183e+00 -8.00866159995673e+00 -2.07869932986133e-02 
C  1.35115456440988e+00 -7.97842597334057e+00 -6.85970778854245e-01 
C  2.11649386313156e+00 -5.34603673107069e+00 -6.74632418873185e-01 
C  4.60337415231114e+00 -4.49754945915456e+00 -8.44707818589113e-01 
H  6.03389723658845e+00 -5.88460883017113e+00 -1.36438265105445e+00 
C  4.49754945915456e+00 4.51077754579913e+00 3.93063146010146e-01 
H  5.91484445678730e+00 5.94885953673049e+00 7.99354378664865e-01 
C  -4.49754945915456e+00 4.47109328586542e+00 -8.39038638598582e-01 
H  -5.90539582346975e+00 5.83547593691987e+00 -1.46831761754752e+00 
C  -4.41629121262362e+00 -4.53534399242477e+00 5.68807725716606e-01 
H  -5.78445331700509e+00 -5.96775680336559e+00 1.13572572476970e+00 
C  5.10226199147786e-01 7.46064086753874e+00 1.09585249216963e+01 
O  1.30013194449510e+00 5.48209705084344e+00 9.86059373019685e+00 
O  -1.10171064482652e+00 7.51355321411703e+00 1.27197501720880e+01 
C  1.53445805077038e+00 1.00684636631830e+01 1.01553910897045e+01 
H  2.25633363623132e+00 1.10095475416111e+01 1.18844909868164e+01 
H  -8.50376998579645e-02 1.11626154013555e+01 9.39383124430980e+00 
C  3.64339300724790e+00 1.01327143697423e+01 8.17684727300915e+00 
H  3.88716774684073e+00 1.21188170930917e+01 7.54378884073320e+00 
H  3.04245992825161e+00 8.96486329169296e+00 6.54034398240922e+00 
C  6.21153154295842e+00 9.15194623138048e+00 9.09336470481166e+00 
H  6.00933078996282e+00 7.13938733474199e+00 9.65461352387422e+00 
H  6.80679544196417e+00 1.02668849628516e+01 1.07676625286818e+01 
C  8.25999524620361e+00 9.35792643770310e+00 7.05057018155700e+00 
H  8.74943445205278e+00 1.13837134209862e+01 6.80679544196417e+00 
H  7.47197922751980e+00 8.62660221892461e+00 5.24777094456816e+00 
C  1.06977426421319e+01 7.89338827348260e+00 7.64583408056275e+00 
H  1.20054334932811e+01 8.09936847980523e+00 6.01688969661686e+00 
H  1.02101931629463e+01 5.86571156353603e+00 7.87449100684750e+00 
C  1.20772431064945e+01 8.77400089867841e+00 1.00382280365668e+01 
H  1.08262440552506e+01 8.44329873256411e+00 1.16898491404748e+01 
H  1.24532987125330e+01 1.08319132352412e+01 9.87193209017791e+00 
C  1.45943590222902e+01 7.41150797428747e+00 1.05012110691268e+01 
H  1.58680347934962e+01 7.77433549368145e+00 8.87415641184446e+00 
H  1.42315315028962e+01 5.34792645773420e+00 1.06334919355726e+01 
C  1.59133882334204e+01 8.28834114615626e+00 1.29351790117281e+01 
H  1.46132562889253e+01 7.93118280675281e+00 1.45414466757119e+01 
H  1.62535390328523e+01 1.03519226627095e+01 1.27802214253203e+01 
C  1.84531808691783e+01 7.00332701496924e+00 1.35342223640609e+01 
H  1.81621629629977e+01 4.92462768510789e+00 1.35209942774163e+01 
H  1.90560036748381e+01 7.59481146064797e+00 1.54560743808509e+01 
O  5.17218187802774e+00 4.03456642659453e+00 6.34948158939467e+00 
H  3.81157868030031e+00 4.72431665877580e+00 7.39261070765237e+00 
H  4.87360506519311e+00 2.22420828295165e+00 6.41562202261753e+00 
O  2.77789819536017e-01 -3.72087180045182e+00 9.16517431802505e+00 
H  -1.38139019102604e+00 -3.99110271333379e+00 8.43196037258305e+00 
H  1.32658811778424e+00 -2.82703108861144e+00 7.90472663346367e+00 
h  1.16231462096132e+01 -1.05152811811661e+01 9.72447963440827e+00 
h  -5.17829800812300e+00 4.24828094069221e+00 1.69042807575086e+01 
h  1.35612341764455e+00 -8.34272498254657e-01 -6.07073687671950e+00 
h  9.68023023432900e+00 -2.49310015272042e+00 8.97406499657371e-02 
h  9.49000261205358e+00 2.55195628436189e+00 1.05767729013108e+00 
h  2.70125044731109e+00 9.51524196169307e+00 4.35942533872299e-02 
h  -2.38464664982251e+00 9.80860567360162e+00 -2.08895044764497e-01 
h  -9.54114600464867e+00 2.55036032016177e+00 -6.06244014282276e-01 
h  -9.56569725712028e+00 -2.66630038504470e+00 4.35722833642943e-01 
h  -2.33625214781947e+00 -9.63963866791204e+00 4.21082548839406e-01 
h  2.61811691170290e+00 -9.51618943303214e+00 -1.20823006705137e+00 
h  1.99675737839068e+01 7.45413560099360e+00 1.22128403110135e+01 
