 10.935909      -0.276468       -3.180000         1.000000
 10.935506      -0.186709       -3.170000        -1.000000
 10.934298      -0.096958       -3.160000         0.000000
 10.932284      -0.007221       -3.150000         0.000000
 10.929464       0.082494       -3.140000         0.200000
 10.925840       0.172181       -3.130000        -0.200000
 10.921410       0.261831       -3.120000         0.000000
 10.916176       0.351438       -3.110000         1.000000
 10.910138       0.440994       -3.100000        -1.000000
 10.903297       0.530492       -3.090000         0.000000
 10.895652       0.619926       -3.080000         0.000000
 10.887205       0.709287       -3.070000        -0.200000
 10.877956       0.798568       -3.060000         0.400000
 10.867906       0.887763       -3.050000        -0.200000
 10.857056       0.976865       -3.040000         1.000000
 10.845407       1.065865       -3.030000        -1.000000
 10.832959       1.154757       -3.020000         0.000000
 10.819714       1.243534       -3.010000         0.000000
 10.805672       1.332189       -3.000000         0.200000
 10.790836       1.420713       -2.990000        -0.200000
 10.775205       1.509101       -2.980000         0.000000
 10.758781       1.597346       -2.970000         1.000000
 10.741567       1.685439       -2.960000        -1.000000
 10.723562       1.773374       -2.950000         0.000000
 10.704769       1.861144       -2.940000         0.000000
 10.685188       1.948742       -2.930000        -0.400000
 10.664822       2.036160       -2.920000         0.200000
 10.643672       2.123392       -2.910000         0.200000
 10.621741       2.210431       -2.900000         1.000000
 10.599028       2.297270       -2.890000        -1.000000
 10.575538       2.383901       -2.880000         0.000000
 10.551270       2.470318       -2.870000         0.000000
 10.526228       2.556513       -2.860000        -0.400000
 10.500413       2.642480       -2.850000         0.200000
 10.473828       2.728212       -2.840000         0.200000
 10.446474       2.813702       -2.830000         1.000000
 10.418354       2.898943       -2.820000        -1.000000
 10.389470       2.983929       -2.810000         0.000000
 10.359824       3.068651       -2.800000         0.000000
 10.329419       3.153104       -2.790000        -0.200000
 10.298258       3.237281       -2.780000         0.400000
 10.266342       3.321174       -2.770000        -0.200000
 10.233674       3.404778       -2.760000         1.000000
 10.200257       3.488085       -2.750000        -1.000000
 10.166094       3.571089       -2.740000         0.000000
 10.131187       3.653783       -2.730000         0.000000
 10.095539       3.736160       -2.720000         0.200000
 10.059153       3.818214       -2.710000        -0.200000
 10.022032       3.899938       -2.700000         0.000000
  9.984179       3.981325       -2.690000         1.000000
  9.945598       4.062370       -2.680000        -1.000000
  9.906290       4.143065       -2.670000         0.000000
  9.866259       4.223404       -2.660000         0.000000
  9.825509       4.303380       -2.650000         0.400000
  9.784043       4.382987       -2.640000        -0.200000
  9.741864       4.462219       -2.630000        -0.200000
  9.698976       4.541069       -2.620000         1.000000
  9.655381       4.619531       -2.610000        -1.000000
  9.611084       4.697599       -2.600000         0.000000
  9.566088       4.775265       -2.590000         0.000000
  9.520397       4.852525       -2.580000         0.400000
  9.474014       4.929372       -2.570000        -0.200000
  9.426943       5.005799       -2.560000        -0.200000
  9.379188       5.081800       -2.550000         1.000000
  9.330753       5.157370       -2.540000        -1.000000
  9.281642       5.232502       -2.530000         0.000000
  9.231858       5.307190       -2.520000         0.000000
  9.181405       5.381429       -2.510000         0.400000
  9.130289       5.455211       -2.500000        -0.200000
  9.078512       5.528532       -2.490000        -0.200000
  9.026079       5.601385       -2.480000         1.000000
  8.972994       5.673764       -2.470000        -1.000000
  8.919262       5.745664       -2.460000         0.000000
  8.864887       5.817079       -2.450000         0.000000
  8.809872       5.888003       -2.440000         0.200000
  8.754224       5.958430       -2.430000        -0.200000
  8.697945       6.028355       -2.420000         0.000000
  8.641041       6.097772       -2.410000         1.000000
  8.583517       6.166676       -2.400000        -1.000000
  8.525376       6.235060       -2.390000         0.000000
  8.466624       6.302920       -2.380000         0.000000
  8.407265       6.370249       -2.370000        -0.200000
  8.347304       6.437043       -2.360000         0.400000
  8.286746       6.503297       -2.350000        -0.200000
  8.225595       6.569004       -2.340000         1.000000
  8.163858       6.634159       -2.330000        -1.000000
  8.101538       6.698758       -2.320000         0.000000
  8.038640       6.762794       -2.310000         0.000000
  7.975171       6.826264       -2.300000        -0.400000
  7.911134       6.889161       -2.290000         0.200000
  7.846535       6.951481       -2.280000         0.200000
  7.781380       7.013219       -2.270000         1.000000
  7.715673       7.074369       -2.260000        -1.000000
  7.649420       7.134927       -2.250000         0.000000
  7.582626       7.194888       -2.240000         0.000000
  7.515296       7.254247       -2.230000         0.200000
  7.447437       7.312999       -2.220000        -0.200000
  7.379052       7.371140       -2.210000         0.000000
  7.310149       7.428665       -2.200000         1.000000
  7.240732       7.485569       -2.190000        -1.000000
  7.170807       7.541847       -2.180000         0.000000
  7.100380       7.597496       -2.170000         0.000000
  7.029456       7.652510       -2.160000        -0.200000
  6.958041       7.706886       -2.150000         0.400000
  6.886141       7.760618       -2.140000        -0.200000
  6.813761       7.813702       -2.130000         1.000000
  6.740908       7.866135       -2.120000        -1.000000
  6.667588       7.917912       -2.110000         0.000000
  6.593805       7.969029       -2.100000         0.000000
  6.519567       8.019481       -2.090000         0.200000
  6.444879       8.069265       -2.080000        -0.200000
  6.369747       8.118377       -2.070000         0.000000
  6.294177       8.166812       -2.060000         1.000000
  6.218175       8.214567       -2.050000        -1.000000
  6.141748       8.261637       -2.040000         0.000000
  6.064902       8.308020       -2.030000         0.000000
  5.987642       8.353712       -2.020000        -0.400000
  5.909975       8.398708       -2.010000         0.200000
  5.831908       8.443005       -2.000000         0.200000
  5.753446       8.486599       -1.990000         1.000000
  5.674596       8.529488       -1.980000        -1.000000
  5.595364       8.571667       -1.970000         0.000000
  5.515756       8.613133       -1.960000         0.000000
  5.435780       8.653883       -1.950000        -0.400000
  5.355441       8.693913       -1.940000         0.200000
  5.274746       8.733221       -1.930000         0.200000
  5.193702       8.771803       -1.920000         1.000000
  5.112314       8.809656       -1.910000        -1.000000
  5.030590       8.846777       -1.900000         0.000000
  4.948536       8.883162       -1.890000         0.000000
  4.866159       8.918810       -1.880000        -0.200000
  4.783465       8.953717       -1.870000         0.400000
  4.700462       8.987880       -1.860000        -0.200000
  4.617154       9.021297       -1.850000         1.000000
  4.533551       9.053965       -1.840000        -1.000000
  4.449657       9.085881       -1.830000         0.000000
  4.365481       9.117043       -1.820000         0.000000
  4.281028       9.147448       -1.810000         0.200000
  4.196305       9.177094       -1.800000        -0.200000
  4.111320       9.205978       -1.790000         0.000000
  4.026079       9.234098       -1.780000         1.000000
  3.940589       9.261451       -1.770000        -1.000000
  3.854857       9.288037       -1.760000         0.000000
  3.768890       9.313852       -1.750000         0.000000
  3.682694       9.338894       -1.740000         0.400000
  3.596277       9.363161       -1.730000        -0.200000
  3.509646       9.386652       -1.720000        -0.200000
  3.422808       9.409364       -1.710000         1.000000
  3.335769       9.431296       -1.700000        -1.000000
  3.248537       9.452446       -1.690000         0.000000
  3.161118       9.472812       -1.680000         0.000000
  3.073521       9.492392       -1.670000         0.400000
  2.985751       9.511185       -1.660000        -0.200000
  2.897815       9.529190       -1.650000        -0.200000
  2.809722       9.546405       -1.640000         1.000000
  2.721478       9.562828       -1.630000        -1.000000
  2.633090       9.578459       -1.620000         0.000000
  2.544565       9.593296       -1.610000         0.000000
  2.455911       9.607337       -1.600000         0.400000
  2.367134       9.620582       -1.590000        -0.200000
  2.278242       9.633030       -1.580000        -0.200000
  2.189241       9.644679       -1.570000         1.000000
  2.100140       9.655530       -1.560000        -1.000000
  2.010945       9.665579       -1.550000         0.000000
  1.921663       9.674828       -1.540000         0.000000
  1.832302       9.683275       -1.530000         0.200000
  1.742869       9.690920       -1.520000        -0.200000
  1.653370       9.697762       -1.510000         0.000000
  1.563814       9.703800       -1.500000         1.000000
  1.474207       9.709034       -1.490000        -1.000000
  1.384557       9.713463       -1.480000         0.000000
  1.294871       9.717088       -1.470000         0.000000
  1.205156       9.719907       -1.460000        -0.200000
  1.115419       9.721921       -1.450000         0.400000
  1.025668       9.723130       -1.440000        -0.200000
  0.935909       9.723532       -1.430000         1.000000
  0.846150       9.723130       -1.420000        -1.000000
  0.756399       9.721921       -1.410000         0.000000
  0.666662       9.719907       -1.400000         0.000000
  0.576947       9.717088       -1.390000        -0.400000
  0.487261       9.713463       -1.380000         0.200000
  0.397611       9.709034       -1.370000         0.200000
  0.308004       9.703800       -1.360000         1.000000
  0.218448       9.697762       -1.350000        -1.000000
  0.128949       9.690920       -1.340000         0.000000
  0.039516       9.683275       -1.330000         0.000000
 -0.049845       9.674828       -1.320000         0.200000
 -0.139127       9.665579       -1.310000        -0.200000
 -0.228322       9.655530       -1.300000         0.000000
 -0.317423       9.644679       -1.290000         1.000000
 -0.406424       9.633030       -1.280000        -1.000000
 -0.495316       9.620582       -1.270000         0.000000
 -0.584093       9.607337       -1.260000         0.000000
 -0.672747       9.593296       -1.250000        -0.200000
 -0.761272       9.578459       -1.240000         0.400000
 -0.849660       9.562828       -1.230000        -0.200000
 -0.937904       9.546405       -1.220000         1.000000
 -1.025997       9.529190       -1.210000        -1.000000
 -1.113933       9.511185       -1.200000         0.000000
 -1.201703       9.492392       -1.190000         0.000000
 -1.289300       9.472812       -1.180000         0.200000
 -1.376719       9.452446       -1.170000        -0.200000
 -1.463951       9.431296       -1.160000         0.000000
 -1.550990       9.409364       -1.150000         1.000000
 -1.637828       9.386652       -1.140000        -1.000000
 -1.724459       9.363161       -1.130000         0.000000
 -1.810876       9.338894       -1.120000         0.000000
 -1.897072       9.313852       -1.110000        -0.400000
 -1.983039       9.288037       -1.100000         0.200000
 -2.068771       9.261451       -1.090000         0.200000
 -2.154261       9.234098       -1.080000         1.000000
 -2.239502       9.205978       -1.070000        -1.000000
 -2.324487       9.177094       -1.060000         0.000000
 -2.409210       9.147448       -1.050000         0.000000
 -2.493663       9.117043       -1.040000        -0.400000
 -2.577839       9.085881       -1.030000         0.200000
 -2.661733       9.053965       -1.020000         0.200000
 -2.745337       9.021297       -1.010000         1.000000
 -2.828644       8.987880       -1.000000        -1.000000
 -2.911648       8.953717       -0.990000         0.000000
 -2.994341       8.918810       -0.980000         0.000000
 -3.076719       8.883162       -0.970000        -0.200000
 -3.158772       8.846777       -0.960000         0.400000
 -3.240496       8.809656       -0.950000        -0.200000
 -3.321884       8.771803       -0.940000         1.000000
 -3.402928       8.733221       -0.930000        -1.000000
 -3.483623       8.693913       -0.920000         0.000000
 -3.563962       8.653883       -0.910000         0.000000
 -3.643938       8.613133       -0.900000         0.200000
 -3.723546       8.571667       -0.890000        -0.200000
 -3.802778       8.529488       -0.880000         0.000000
 -3.881628       8.486599       -0.870000         1.000000
 -3.960090       8.443005       -0.860000        -1.000000
 -4.038157       8.398708       -0.850000         0.000000
 -4.115824       8.353712       -0.840000         0.000000
 -4.193084       8.308020       -0.830000         0.400000
 -4.269930       8.261637       -0.820000        -0.200000
 -4.346357       8.214567       -0.810000        -0.200000
 -4.422359       8.166812       -0.800000         1.000000
 -4.497929       8.118377       -0.790000        -1.000000
 -4.573061       8.069265       -0.780000         0.000000
 -4.647749       8.019481       -0.770000         0.000000
 -4.721987       7.969029       -0.760000         0.400000
 -4.795770       7.917912       -0.750000        -0.200000
 -4.869091       7.866135       -0.740000        -0.200000
 -4.941944       7.813702       -0.730000         1.000000
 -5.014323       7.760618       -0.720000        -1.000000
 -5.086223       7.706886       -0.710000         0.000000
 -5.157638       7.652510       -0.700000         0.000000
 -5.228562       7.597496       -0.690000         0.400000
 -5.298989       7.541847       -0.680000        -0.200000
 -5.368914       7.485569       -0.670000        -0.200000
 -5.438331       7.428665       -0.660000         1.000000
 -5.507234       7.371140       -0.650000        -1.000000
 -5.575619       7.312999       -0.640000         0.000000
 -5.643478       7.254247       -0.630000         0.000000
 -5.710808       7.194888       -0.620000         0.200000
 -5.777602       7.134927       -0.610000        -0.200000
 -5.843855       7.074369       -0.600000         0.000000
 -5.909562       7.013219       -0.590000         1.000000
 -5.974718       6.951481       -0.580000        -1.000000
 -6.039316       6.889161       -0.570000         0.000000
 -6.103353       6.826264       -0.560000         0.000000
 -6.166822       6.762794       -0.550000        -0.200000
 -6.229720       6.698758       -0.540000         0.400000
 -6.292040       6.634159       -0.530000        -0.200000
 -6.353777       6.569004       -0.520000         1.000000
 -6.414928       6.503297       -0.510000        -1.000000
 -6.475486       6.437043       -0.500000         0.000000
 -6.535447       6.370249       -0.490000         0.000000
 -6.594806       6.302920       -0.480000        -0.400000
 -6.653558       6.235060       -0.470000         0.200000
 -6.711699       6.166676       -0.460000         0.200000
 -6.769223       6.097772       -0.450000         1.000000
 -6.826127       6.028355       -0.440000        -1.000000
 -6.882406       5.958430       -0.430000         0.000000
 -6.938054       5.888003       -0.420000         0.000000
 -6.993069       5.817079       -0.410000         0.200000
 -7.047444       5.745664       -0.400000        -0.200000
 -7.101176       5.673764       -0.390000         0.000000
 -7.154261       5.601385       -0.380000         1.000000
 -7.206694       5.528532       -0.370000        -1.000000
 -7.258471       5.455211       -0.360000         0.000000
 -7.309587       5.381429       -0.350000         0.000000
 -7.360040       5.307190       -0.340000        -0.200000
 -7.409824       5.232502       -0.330000         0.400000
 -7.458935       5.157370       -0.320000        -0.200000
 -7.507370       5.081800       -0.310000         1.000000
 -7.555125       5.005799       -0.300000        -1.000000
 -7.602196       4.929372       -0.290000         0.000000
 -7.648579       4.852525       -0.280000         0.000000
 -7.694270       4.775265       -0.270000         0.200000
 -7.739266       4.697599       -0.260000        -0.200000
 -7.783563       4.619531       -0.250000         0.000000
 -7.827158       4.541069       -0.240000         1.000000
 -7.870046       4.462219       -0.230000        -1.000000
 -7.912225       4.382987       -0.220000         0.000000
 -7.953692       4.303380       -0.210000         0.000000
 -7.994442       4.223404       -0.200000        -0.400000
 -8.034472       4.143065       -0.190000         0.200000
 -8.073780       4.062370       -0.180000         0.200000
 -8.112362       3.981325       -0.170000         1.000000
 -8.150214       3.899938       -0.160000        -1.000000
 -8.187335       3.818214       -0.150000         0.000000
 -8.223721       3.736160       -0.140000         0.000000
 -8.259369       3.653783       -0.130000        -0.400000
 -8.294276       3.571089       -0.120000         0.200000
 -8.328439       3.488085       -0.110000         0.200000
 -8.361856       3.404778       -0.100000         1.000000
 -8.394524       3.321174       -0.090000        -1.000000
 -8.426440       3.237281       -0.080000         0.000000
 -8.457601       3.153104       -0.070000         0.000000
 -8.488006       3.068651       -0.060000        -0.200000
 -8.517652       2.983929       -0.050000         0.400000
 -8.546536       2.898943       -0.040000        -0.200000
 -8.574656       2.813702       -0.030000         1.000000
 -8.602010       2.728212       -0.020000        -1.000000
 -8.628595       2.642480       -0.010000         0.000000
 -8.654410       2.556513        0.000000         0.000000
 -8.679452       2.470318        0.010000         0.200000
 -8.703720       2.383901        0.020000        -0.200000
 -8.727210       2.297270        0.030000         0.000000
 -8.749923       2.210431        0.040000         1.000000
 -8.771855       2.123392        0.050000        -1.000000
 -8.793004       2.036160        0.060000         0.000000
 -8.813370       1.948742        0.070000         0.000000
 -8.832951       1.861144        0.080000         0.400000
 -8.851744       1.773374        0.090000        -0.200000
 -8.869749       1.685439        0.100000        -0.200000
 -8.886964       1.597346        0.110000         1.000000
 -8.903387       1.509101        0.120000        -1.000000
 -8.919018       1.420713        0.130000         0.000000
 -8.933854       1.332189        0.140000         0.000000
 -8.947896       1.243534        0.150000         0.400000
 -8.961141       1.154757        0.160000        -0.200000
 -8.973589       1.065865        0.170000        -0.200000
 -8.985238       0.976865        0.180000         1.000000
 -8.996088       0.887763        0.190000        -1.000000
 -9.006138       0.798568        0.200000         0.000000
 -9.015387       0.709287        0.210000         0.000000
 -9.023834       0.619926        0.220000         0.400000
 -9.031479       0.530492        0.230000        -0.200000
 -9.038320       0.440994        0.240000        -0.200000
 -9.044358       0.351438        0.250000         1.000000
 -9.049592       0.261831        0.260000        -1.000000
 -9.054022       0.172181        0.270000         0.000000
 -9.057646       0.082494        0.280000         0.000000
 -9.060466      -0.007221        0.290000         0.200000
 -9.062480      -0.096958        0.300000        -0.200000
 -9.063688      -0.186709        0.310000         0.000000
 -9.064091      -0.276468        0.320000         1.000000
 -9.063688      -0.366226        0.330000        -1.000000
 -9.062480      -0.455977        0.340000         0.000000
 -9.060466      -0.545714        0.350000         0.000000
 -9.057646      -0.635430        0.360000        -0.200000
 -9.054022      -0.725116        0.370000         0.400000
 -9.049592      -0.814766        0.380000        -0.200000
 -9.044358      -0.904373        0.390000         1.000000
 -9.038320      -0.993929        0.400000        -1.000000
 -9.031479      -1.083427        0.410000         0.000000
 -9.023834      -1.172861        0.420000         0.000000
 -9.015387      -1.262222        0.430000        -0.400000
 -9.006138      -1.351503        0.440000         0.200000
 -8.996088      -1.440699        0.450000         0.200000
 -8.985238      -1.529800        0.460000         1.000000
 -8.973589      -1.618800        0.470000        -1.000000
 -8.961141      -1.707692        0.480000         0.000000
 -8.947896      -1.796469        0.490000         0.000000
 -8.933854      -1.885124        0.500000         0.200000
 -8.919018      -1.973648        0.510000        -0.200000
 -8.903387      -2.062037        0.520000         0.000000
 -8.886964      -2.150281        0.530000         1.000000
 -8.869749      -2.238374        0.540000        -1.000000
 -8.851744      -2.326309        0.550000         0.000000
 -8.832951      -2.414079        0.560000         0.000000
 -8.813370      -2.501677        0.570000        -0.200000
 -8.793004      -2.589095        0.580000         0.400000
 -8.771855      -2.676328        0.590000        -0.200000
 -8.749923      -2.763366        0.600000         1.000000
 -8.727210      -2.850205        0.610000        -1.000000
 -8.703720      -2.936836        0.620000         0.000000
 -8.679452      -3.023253        0.630000         0.000000
 -8.654410      -3.109448        0.640000         0.200000
 -8.628595      -3.195415        0.650000        -0.200000
 -8.602010      -3.281148        0.660000         0.000000
 -8.574656      -3.366637        0.670000         1.000000
 -8.546536      -3.451878        0.680000        -1.000000
 -8.517652      -3.536864        0.690000         0.000000
 -8.488006      -3.621586        0.700000         0.000000
 -8.457601      -3.706039        0.710000        -0.400000
 -8.426440      -3.790216        0.720000         0.200000
 -8.394524      -3.874109        0.730000         0.200000
 -8.361856      -3.957713        0.740000         1.000000
 -8.328439      -4.041020        0.750000        -1.000000
 -8.294276      -4.124024        0.760000         0.000000
 -8.259369      -4.206718        0.770000         0.000000
 -8.223721      -4.289095        0.780000        -0.400000
 -8.187335      -4.371149        0.790000         0.200000
 -8.150214      -4.452873        0.800000         0.200000
 -8.112362      -4.534260        0.810000         1.000000
 -8.073780      -4.615305        0.820000        -1.000000
 -8.034472      -4.696000        0.830000         0.000000
 -7.994442      -4.776339        0.840000         0.000000
 -7.953692      -4.856315        0.850000        -0.200000
 -7.912225      -4.935922        0.860000         0.400000
 -7.870046      -5.015154        0.870000        -0.200000
 -7.827158      -5.094004        0.880000         1.000000
 -7.783563      -5.172466        0.890000        -1.000000
 -7.739266      -5.250534        0.900000         0.000000
 -7.694270      -5.328201        0.910000         0.000000
 -7.648579      -5.405460        0.920000         0.200000
 -7.602196      -5.482307        0.930000        -0.200000
 -7.555125      -5.558734        0.940000         0.000000
 -7.507370      -5.634736        0.950000         1.000000
 -7.458935      -5.710305        0.960000        -1.000000
 -7.409824      -5.785437        0.970000         0.000000
 -7.360040      -5.860126        0.980000         0.000000
 -7.309587      -5.934364        0.990000         0.400000
 -7.258471      -6.008146        1.000000        -0.200000
 -7.206694      -6.081467        1.010000        -0.200000
 -7.154261      -6.154320        1.020000         1.000000
 -7.101176      -6.226700        1.030000        -1.000000
 -7.047444      -6.298600        1.040000         0.000000
 -6.993069      -6.370014        1.050000         0.000000
 -6.938054      -6.440938        1.060000         0.400000
 -6.882406      -6.511366        1.070000        -0.200000
 -6.826127      -6.581290        1.080000        -0.200000
 -6.769223      -6.650707        1.090000         1.000000
 -6.711699      -6.719611        1.100000        -1.000000
 -6.653558      -6.787995        1.110000         0.000000
 -6.594806      -6.855855        1.120000         0.000000
 -6.535447      -6.923184        1.130000         0.400000
 -6.475486      -6.989978        1.140000        -0.200000
 -6.414928      -7.056232        1.150000        -0.200000
 -6.353777      -7.121939        1.160000         1.000000
 -6.292040      -7.187094        1.170000        -1.000000
 -6.229720      -7.251693        1.180000         0.000000
 -6.166822      -7.315729        1.190000         0.000000
 -6.103353      -7.379199        1.200000         0.200000
 -6.039316      -7.442096        1.210000        -0.200000
 -5.974718      -7.504416        1.220000         0.000000
 -5.909562      -7.566154        1.230000         1.000000
 -5.843855      -7.627304        1.240000        -1.000000
 -5.777602      -7.687862        1.250000         0.000000
 -5.710808      -7.747823        1.260000         0.000000
 -5.643478      -7.807182        1.270000        -0.200000
 -5.575619      -7.865934        1.280000         0.400000
 -5.507234      -7.924075        1.290000        -0.200000
 -5.438331      -7.981600        1.300000         1.000000
 -5.368914      -8.038504        1.310000        -1.000000
 -5.298989      -8.094782        1.320000         0.000000
 -5.228562      -8.150431        1.330000         0.000000
 -5.157638      -8.205445        1.340000        -0.400000
 -5.086223      -8.259821        1.350000         0.200000
 -5.014323      -8.313553        1.360000         0.200000
 -4.941944      -8.366637        1.370000         1.000000
 -4.869091      -8.419070        1.380000        -1.000000
 -4.795770      -8.470847        1.390000         0.000000
 -4.721987      -8.521964        1.400000         0.000000
 -4.647749      -8.572416        1.410000         0.200000
 -4.573061      -8.622200        1.420000        -0.200000
 -4.497929      -8.671312        1.430000         0.000000
 -4.422359      -8.719747        1.440000         1.000000
 -4.346357      -8.767502        1.450000        -1.000000
 -4.269930      -8.814573        1.460000         0.000000
 -4.193084      -8.860955        1.470000         0.000000
 -4.115824      -8.906647        1.480000        -0.200000
 -4.038157      -8.951643        1.490000         0.400000
 -3.960090      -8.995940        1.500000        -0.200000
 -3.881628      -9.039534        1.510000         1.000000
 -3.802778      -9.082423        1.520000        -1.000000
 -3.723546      -9.124602        1.530000         0.000000
 -3.643938      -9.166068        1.540000         0.000000
 -3.563962      -9.206818        1.550000         0.200000
 -3.483623      -9.246848        1.560000        -0.200000
 -3.402928      -9.286156        1.570000         0.000000
 -3.321884      -9.324738        1.580000         1.000000
 -3.240496      -9.362591        1.590000        -1.000000
 -3.158772      -9.399712        1.600000         0.000000
 -3.076719      -9.436097        1.610000         0.000000
 -2.994341      -9.471745        1.620000        -0.400000
 -2.911648      -9.506652        1.630000         0.200000
 -2.828644      -9.540816        1.640000         0.200000
 -2.745337      -9.574232        1.650000         1.000000
 -2.661733      -9.606900        1.660000        -1.000000
 -2.577839      -9.638816        1.670000         0.000000
 -2.493663      -9.669978        1.680000         0.000000
 -2.409210      -9.700383        1.690000        -0.400000
 -2.324487      -9.730029        1.700000         0.200000
 -2.239502      -9.758913        1.710000         0.200000
 -2.154261      -9.787033        1.720000         1.000000
 -2.068771      -9.814387        1.730000        -1.000000
 -1.983039      -9.840972        1.740000         0.000000
 -1.897072      -9.866787        1.750000         0.000000
 -1.810876      -9.891829        1.760000        -0.200000
 -1.724459      -9.916096        1.770000         0.400000
 -1.637828      -9.939587        1.780000        -0.200000
 -1.550990      -9.962299        1.790000         1.000000
 -1.463951      -9.984231        1.800000        -1.000000
 -1.376719     -10.005381        1.810000         0.000000
 -1.289300     -10.025747        1.820000         0.000000
 -1.201703     -10.045327        1.830000         0.200000
 -1.113933     -10.064120        1.840000        -0.200000
 -1.025997     -10.082125        1.850000         0.000000
 -0.937904     -10.099340        1.860000         1.000000
 -0.849660     -10.115763        1.870000        -1.000000
 -0.761272     -10.131394        1.880000         0.000000
 -0.672747     -10.146231        1.890000         0.000000
 -0.584093     -10.160272        1.900000         0.400000
 -0.495316     -10.173517        1.910000        -0.200000
 -0.406424     -10.185965        1.920000        -0.200000
 -0.317423     -10.197615        1.930000         1.000000
 -0.228322     -10.208465        1.940000        -1.000000
 -0.139127     -10.218515        1.950000         0.000000
 -0.049845     -10.227763        1.960000         0.000000
  0.039516     -10.236210        1.970000         0.400000
  0.128949     -10.243855        1.980000        -0.200000
  0.218448     -10.250697        1.990000        -0.200000
  0.308004     -10.256735        2.000000         1.000000
  0.397611     -10.261969        2.010000        -1.000000
  0.487261     -10.266398        2.020000         0.000000
  0.576947     -10.270023        2.030000         0.000000
  0.666662     -10.272842        2.040000         0.400000
  0.756399     -10.274856        2.050000        -0.200000
  0.846150     -10.276065        2.060000        -0.200000
  0.935909     -10.276468        2.070000         1.000000
  1.025668     -10.276065        2.080000        -1.000000
  1.115419     -10.274856        2.090000         0.000000
  1.205156     -10.272842        2.100000         0.000000
  1.294871     -10.270023        2.110000         0.200000
  1.384557     -10.266398        2.120000        -0.200000
  1.474207     -10.261969        2.130000         0.000000
  1.563814     -10.256735        2.140000         1.000000
  1.653370     -10.250697        2.150000        -1.000000
  1.742869     -10.243855        2.160000         0.000000
  1.832302     -10.236210        2.170000         0.000000
  1.921663     -10.227763        2.180000        -0.200000
  2.010945     -10.218515        2.190000         0.400000
  2.100140     -10.208465        2.200000        -0.200000
  2.189241     -10.197615        2.210000         1.000000
  2.278242     -10.185965        2.220000        -1.000000
  2.367134     -10.173517        2.230000         0.000000
  2.455911     -10.160272        2.240000         0.000000
  2.544565     -10.146231        2.250000        -0.400000
  2.633090     -10.131394        2.260000         0.200000
  2.721478     -10.115763        2.270000         0.200000
  2.809722     -10.099340        2.280000         1.000000
  2.897815     -10.082125        2.290000        -1.000000
  2.985751     -10.064120        2.300000         0.000000
  3.073521     -10.045327        2.310000         0.000000
  3.161118     -10.025747        2.320000         0.200000
  3.248537     -10.005381        2.330000        -0.200000
  3.335769      -9.984231        2.340000         0.000000
  3.422808      -9.962299        2.350000         1.000000
  3.509646      -9.939587        2.360000        -1.000000
  3.596277      -9.916096        2.370000         0.000000
  3.682694      -9.891829        2.380000         0.000000
  3.768890      -9.866787        2.390000        -0.200000
  3.854857      -9.840972        2.400000         0.400000
  3.940589      -9.814387        2.410000        -0.200000
  4.026079      -9.787033        2.420000         1.000000
  4.111320      -9.758913        2.430000        -1.000000
  4.196305      -9.730029        2.440000         0.000000
  4.281028      -9.700383        2.450000         0.000000
  4.365481      -9.669978        2.460000         0.200000
  4.449657      -9.638816        2.470000        -0.200000
  4.533551      -9.606900        2.480000         0.000000
  4.617154      -9.574232        2.490000         1.000000
  4.700462      -9.540816        2.500000        -1.000000
  4.783465      -9.506652        2.510000         0.000000
  4.866159      -9.471745        2.520000         0.000000
  4.948536      -9.436097        2.530000        -0.400000
  5.030590      -9.399712        2.540000         0.200000
  5.112314      -9.362591        2.550000         0.200000
  5.193702      -9.324738        2.560000         1.000000
  5.274746      -9.286156        2.570000        -1.000000
  5.355441      -9.246848        2.580000         0.000000
  5.435780      -9.206818        2.590000         0.000000
  5.515756      -9.166068        2.600000        -0.400000
  5.595364      -9.124602        2.610000         0.200000
  5.674596      -9.082423        2.620000         0.200000
  5.753446      -9.039534        2.630000         1.000000
  5.831908      -8.995940        2.640000        -1.000000
  5.909975      -8.951643        2.650000         0.000000
  5.987642      -8.906647        2.660000         0.000000
  6.064902      -8.860955        2.670000        -0.200000
  6.141748      -8.814573        2.680000         0.400000
  6.218175      -8.767502        2.690000        -0.200000
  6.294177      -8.719747        2.700000         1.000000
  6.369747      -8.671312        2.710000        -1.000000
  6.444879      -8.622200        2.720000         0.000000
  6.519567      -8.572416        2.730000         0.000000
  6.593805      -8.521964        2.740000         0.200000
  6.667588      -8.470847        2.750000        -0.200000
  6.740908      -8.419070        2.760000         0.000000
  6.813761      -8.366637        2.770000         1.000000
  6.886141      -8.313553        2.780000        -1.000000
  6.958041      -8.259821        2.790000         0.000000
  7.029456      -8.205445        2.800000         0.000000
  7.100380      -8.150431        2.810000         0.400000
  7.170807      -8.094782        2.820000        -0.200000
  7.240732      -8.038504        2.830000        -0.200000
  7.310149      -7.981600        2.840000         1.000000
  7.379052      -7.924075        2.850000        -1.000000
  7.447437      -7.865934        2.860000         0.000000
  7.515296      -7.807182        2.870000         0.000000
  7.582626      -7.747823        2.880000         0.400000
  7.649420      -7.687862        2.890000        -0.200000
  7.715673      -7.627304        2.900000        -0.200000
  7.781380      -7.566154        2.910000         1.000000
  7.846535      -7.504416        2.920000        -1.000000
  7.911134      -7.442096        2.930000         0.000000
  7.975171      -7.379199        2.940000         0.000000
  8.038640      -7.315729        2.950000         0.400000
  8.101538      -7.251693        2.960000        -0.200000
  8.163858      -7.187094        2.970000        -0.200000
  8.225595      -7.121939        2.980000         1.000000
  8.286746      -7.056232        2.990000        -1.000000
  8.347304      -6.989978        3.000000         0.000000
  8.407265      -6.923184        3.010000         0.000000
  8.466624      -6.855855        3.020000         0.200000
  8.525376      -6.787995        3.030000        -0.200000
  8.583517      -6.719611        3.040000         0.000000
  8.641041      -6.650707        3.050000         1.000000
  8.697945      -6.581290        3.060000        -1.000000
  8.754224      -6.511366        3.070000         0.000000
  8.809872      -6.440938        3.080000         0.000000
  8.864887      -6.370014        3.090000        -0.200000
  8.919262      -6.298600        3.100000         0.400000
  8.972994      -6.226700        3.110000        -0.200000
  9.026079      -6.154320        3.120000         1.000000
  9.078512      -6.081467        3.130000        -1.000000
  9.130289      -6.008146        3.140000         0.000000
  9.181405      -5.934364        3.150000         0.000000
  9.231858      -5.860126        3.160000        -0.400000
  9.281642      -5.785437        3.170000         0.200000
  9.330753      -5.710305        3.180000         0.200000
