O       0.000   0.000   1.641  
Fe      0.000   0.000   0.000  
N       2.024   0.000  -0.109  
N      -0.010   2.026  -0.098  
N      -2.005  -0.024  -0.078  
N       0.039  -2.012  -0.107  
C       2.872  -1.074  -0.216  
C       4.248  -0.670   0.007  
C       4.216   0.677   0.268  
C       2.831   1.077   0.149  
C       1.074   2.838   0.023  
C       0.692   4.235  -0.039  
C      -0.680   4.270  -0.157  
C      -1.096   2.862  -0.228  
C      -2.826   1.041  -0.282  
C      -4.227   0.644  -0.200  
C      -4.244  -0.703   0.097  
C      -2.830  -1.104   0.153  
C      -1.019  -2.845   0.110  
C      -0.613  -4.238  -0.011  
C       0.715  -4.222  -0.363  
C       1.120  -2.829  -0.357  
C       2.436  -2.380  -0.447  
H       3.193  -3.114  -0.722  
C       2.380   2.387   0.208  
H       3.130   3.148   0.423  
C      -2.380   2.366  -0.444  
H      -3.125   3.088  -0.777  
C      -2.337  -2.400   0.301  
H      -3.061  -3.158   0.601  
C       5.299   1.582   0.660  
H       5.528   2.272  -0.180  
H       6.210   0.994   0.902  
H       4.987   2.180   1.543  
C       5.436  -1.552   0.062  
H       5.090  -2.606   0.021  
H       5.956  -1.376   1.027  
C       6.429  -1.313  -1.085  
H       6.667  -0.229  -1.139  
H       5.963  -1.633  -2.041  
C       7.722  -2.083  -0.896  
O       8.580  -2.059  -1.815  
O       7.932  -2.701   0.179  
C       1.690   5.318   0.045  
H       2.594   5.035  -0.535  
H       1.978   5.481   1.105  
H       1.267   6.252  -0.382  
C      -1.419   5.439  -0.098  
H      -0.883   6.389  -0.235  
C      -2.729   5.541   0.110  
H      -3.343   4.640   0.257  
H      -3.215   6.528   0.137  
C      -5.336   1.596  -0.363  
H      -5.743   1.519  -1.394  
H      -4.969   2.631  -0.197  
H      -6.144   1.359   0.362  
C      -5.285  -1.604   0.267  
H      -5.033  -2.618   0.608  
C      -6.583  -1.368   0.057  
H      -6.922  -0.379  -0.286  
H      -7.329  -2.159   0.224  
C      -1.450  -5.397   0.303  
H      -2.516  -5.145   0.120  
H      -1.323  -5.673   1.372  
H      -1.166  -6.252  -0.346  
C       1.632  -5.335  -0.741  
H       2.192  -5.027  -1.649  
H       1.013  -6.226  -0.978  
C       2.644  -5.718   0.351  
H       2.098  -6.204   1.187  
H       3.133  -4.793   0.723  
C       3.730  -6.672  -0.127  
O       3.605  -7.303  -1.211  
O       4.751  -6.800   0.594  
