 19.9480000000   18.4290000000   26.8520000000    0.1921000000 
 20.6760000000   17.2640000000   25.9380000000    0.1921000000 
 19.5230000000   16.8460000000   27.0430000000    0.1921000000 
 21.3210000000   17.3230000000   27.8670000000    0.0368000000 
 21.0660000000   17.9740000000   28.7030000000    0.1231000000 
 21.3650000000   15.8800000000   28.3890000000   -0.0283000000 
 22.3770000000   15.6770000000   28.7380000000    0.0515000000 
 20.6830000000   15.7980000000   29.2360000000    0.0515000000 
 20.9930000000   14.8080000000   27.3580000000    0.5833000000 
 20.5670000000   15.0900000000   26.2350000000   -0.5744000000 
 21.1600000000   13.5510000000   27.7600000000   -0.8634000000 
 21.5100000000   13.3590000000   28.6880000000    0.4097000000 
 20.9360000000   12.7880000000   27.1370000000    0.4097000000 
 22.6740000000   17.7570000000   27.3350000000    0.6163000000 
 23.5380000000   16.9410000000   27.0000000000   -0.5722000000 
 22.8790000000   19.0730000000   27.2510000000   -0.4157000000 
 22.1920000000   19.7250000000   27.6020000000    0.2719000000 
 24.1180000000   19.5500000000   26.6410000000   -0.0389000000 
 24.3290000000   18.9140000000   25.7800000000    0.1007000000 
 27.7940000000   18.2960000000   25.2960000000    0.0189000000 
